0	2500.2500250025
1	2335.5647664766475
2	2003.000100010001
3	1726.2406840684068
4	1515.0269926992698
5	1340.2762476247624
6	1198.2883688368836
7	1073.840404040404
8	981.2949694969496
9	908.8848484848485
10	833.9962396239624
11	774.5630463046305
12	717.8450145014501
13	675.6577557755776
14	632.0824282428243
15	594.9509350935093
16	566.0134213421342
17	539.9012201220122
18	512.0673167316731
19	492.48478847884786
20	472.64169416941695
21	455.2931593159316
22	438.83373337333734
23	419.13640364036405
24	403.23608360836084
25	388.5931493149315
26	372.9397639763976
27	363.4025602560256
28	352.6135913591359
29	342.74046404640467
30	333.35940594059406
31	323.85521552155217
32	315.51811181118114
33	307.50833083308333
34	299.3882488248825
35	290.8753475347535
36	284.6519051905191
37	279.52463246324635
38	271.9880788078808
39	266.22252225222525
40	259.88012801280126
41	253.8171417141714
42	249.15211521152116
43	244.3927592759276
44	241.04978497849785
45	234.71289128912892
46	230.93598359835983
47	227.8026502650265
48	224.26499649964995
49	221.33257325732572
50	218.6835483548355
51	216.79456945694568
52	214.6006400640064
53	213.3942794279428
54	210.83575357535753
55	207.6883288328833
56	206.14682468246824
57	202.47216721672166
58	199.35315531553155
59	198.73718371837182
60	197.74491449144915
61	195.989398939894
62	194.62918291829183
63	194.1045404540454
64	191.62030203020302
65	190.0051305130513
66	189.37276727672767
67	189.18079807980797
68	188.64322432243225
69	187.67225722572257
70	186.81834183418343
71	185.23191319131914
72	183.85014501450144
73	183.75216521652166
74	183.5034303430343
75	182.4074107410741
76	181.88354835483548
77	181.47920792079208
78	181.03341334133412
79	180.07568756875688
80	178.64384438443844
81	178.2839083908391
82	178.07566756675666
83	177.713901390139
84	176.9037903790379
85	176.96868686868686
86	175.62835283528352
87	174.9002800280028
88	174.73604360436045
89	174.45444544454446
90	174.34354435443544
91	173.96215621562158
92	172.88924892489248
93	172.47523752375238
94	171.57437743774378
95	170.79000900090008
96	170.24766476647665
97	170.13334333433343
98	169.94761476147616
99	169.47383738373838
100	169.93059305930592
101	169.64048404840483
102	169.7055505550555
103	169.14743474347435
104	168.3086308630863
105	168.3070307030703
106	167.73017301730172
107	167.72987298729873
108	167.72997299729974
109	167.72646264626462
110	168.18718871887188
111	167.82846284628462
112	167.30593059305932
113	167.30263026302632
114	167.5976397639764
115	167.18781878187818
116	166.38620862086208
117	165.96088608860887
118	165.7030603060306
119	165.42060206020602
120	164.90807080708072
121	164.92607260726072
122	164.74679467946794
123	164.33794379437944
124	163.8851085108511
125	164.13984398439845
126	164.13774377437744
127	163.75629562956297
128	163.95188518851884
129	163.77994799479947
130	163.76983698369838
131	163.96314631463147
132	163.54002400240023
133	163.21068106810682
134	163.15128512851285
135	163.02667266726672
136	163.02577257725773
137	163.02247224722473
138	163.0197719771977
139	163.02048204820483
140	162.96964696469647
141	162.44539453945396
142	162.43988398839883
143	162.4107310731073
144	161.81521152115212
145	161.43700370037004
146	160.77533753375337
147	160.72420242024202
148	160.67382738273827
149	159.72428242824282
150	160.03930393039303
151	159.77330733073308
152	159.77274727472746
153	159.74484448444844
154	157.82470247024702
155	157.792499249925
156	157.7051605160516
157	156.995299529953
158	156.9924892489249
159	156.9876887688769
160	156.62147214721472
161	156.54085408540854
162	156.4906890689069
163	156.4837883788379
164	156.4893689368937
165	156.37135713571357
166	155.45306530653065
167	155.34894489448945
168	155.2853285328533
169	155.27221722172217
170	154.75781578157816
171	154.36041604160417
172	154.35880588058805
173	154.13507350735074
174	154.01455145514552
175	154.21688168816883
176	153.5964796479648
177	153.1865786578658
178	152.77632763276327
179	152.77532753275327
180	152.72411241124112
181	152.35444544454447
182	151.77091709170918
183	151.46908690869085
184	151.2961396139614
185	151.2866386638664
186	151.28668866886687
187	150.78353835383538
188	150.87338733873386
189	150.46529652965296
190	150.46410641064105
191	150.13977397739774
192	150.13613361336132
193	150.34471447144713
194	149.77553755375538
195	150.16301630163017
196	149.65267526752675
197	149.32598259825983
198	149.07953795379538
199	149.08053805380538
200	149.03613361336133
201	148.43927392739275
202	148.21017101710171
203	148.21009100910092
204	148.12115211521152
205	147.84226422642263
206	148.3115811581158
207	147.5008600860086
208	147.4993599359936
209	147.4042604260426
210	147.4029502950295
211	147.25276527652764
212	147.09794979497948
213	146.20964096409642
214	146.18339833983399
215	145.75839583958395
216	145.65755575557554
217	145.5000600060006
218	145.24293429342933
219	144.87076707670766
220	144.26348634863487
221	144.25726572657265
222	144.25336533653365
223	144.25176517651767
224	144.43067306730674
225	144.23741374137413
226	144.213601360136
227	143.62639263926394
228	142.95219521952194
229	143.002300230023
230	142.82268226822683
231	142.1894789478948
232	142.1873087308731
233	141.7945594559456
234	141.7896489648965
235	141.41282128212822
236	141.4089208920892
237	140.65019501950195
238	141.02342234223423
239	140.63070307030702
240	140.62910291029104
241	140.21796179617962
242	139.72248224822482
243	139.66519651965197
244	139.66459645964596
245	140.13819381938194
246	139.21244124412442
247	138.94634463446346
248	138.94325432543255
249	138.94176417641765
250	139.04464446444643
251	138.5189218921892
252	138.0860686068607
253	138.07929792979297
254	137.8897089708971
255	137.83788378837883
256	137.83777377737775
257	137.4981298129813
258	137.49182918291828
259	137.4912291229123
260	137.85069506950694
261	137.35895589558956
262	137.67527752775277
263	137.26498649864988
264	136.44260426042604
265	136.44203420342035
266	136.44430443044305
267	136.0976597659766
268	136.09455945594559
269	135.96262626262626
270	135.7134213421342
271	135.47299729972997
272	135.522902290229
273	135.41128112811282
274	135.2045404540454
275	135.1969396939694
276	135.5080608060806
277	135.08745874587459
278	135.36504650465048
279	135.07575757575756
280	134.6246724672467
281	134.2891589158916
282	134.27205720572059
283	134.26999699969997
284	134.3030303030303
285	134.25379537953796
286	134.0989198919892
287	133.53822382238224
288	133.48888888888888
289	133.4899589958996
290	133.48595859585959
291	133.48595859585959
292	133.49047904790478
293	133.16667666766676
294	132.7114211421142
295	132.7103310331033
296	132.76983698369838
297	132.66096609660966
298	133.03910391039105
299	132.52608260826082
