0	2500.2500250025
1	2335.5647664766475
2	2003.000100010001
3	1726.2406840684068
4	1515.0269926992698
5	1340.2762476247624
6	1198.2883688368836
7	1073.840404040404
8	981.2949694969496
9	908.8848484848485
10	833.9962396239624
11	774.5630463046305
12	718.0275527552756
13	676.3921692169217
14	638.6308530853086
15	608.1129912991299
16	573.1809980998099
17	549.7980498049805
18	525.2256325632563
19	503.24913491349133
20	484.63594359435945
21	468.8803780378038
22	450.14836483648367
23	436.1989398939894
24	424.84929492949294
25	407.7695569556956
26	395.0245424542454
27	379.7046504650465
28	368.73200320032004
29	360.83118311831186
30	351.47015701570155
31	344.3127412741274
32	339.6993499349935
33	332.93769376937695
34	327.62806280628064
35	321.4557355735574
36	317.53441344134416
37	311.6034603460346
38	306.31622162216223
39	301.2057905790579
40	296.3316131613161
41	293.3345134513451
42	290.9698269826983
43	288.0137313731373
44	283.5855385538554
45	282.3914391439144
46	281.3929292929293
47	279.307100710071
48	277.38199819982
49	276.53958395839584
50	273.46042604260424
51	272.63057305730575
52	271.6214421442144
53	269.0383838383838
54	266.6496449644965
55	265.6632763276328
56	264.46655665566556
57	263.1040704070407
58	261.5336133613361
59	260.9011601160116
60	258.12526252625264
61	257.47148714871486
62	256.0364336433643
63	255.81915191519153
64	255.62497249724973
65	255.42902290229023
66	254.66857685768576
67	254.5903090309031
68	253.05142514251426
69	250.76108610861087
70	249.91998199819983
71	249.1032303230323
72	248.37715771577157
73	247.75649564956495
74	246.91849184918493
75	244.7002800280028
76	244.36556655665566
77	242.3022402240224
78	241.5898389838984
79	240.94167416741675
80	240.32888288828883
81	240.19189918991898
82	240.06195619561956
83	239.26425642564257
84	238.61253125312533
85	237.76154615461547
86	236.95962596259625
87	237.52678267826784
88	236.6181118111811
89	235.55207520752074
90	234.9977397739774
91	233.53842384238425
92	233.13416341634164
93	232.9955695569557
94	233.07200720072007
95	232.5808680868087
96	231.83285328532853
97	230.37324732473246
98	229.80494049404942
99	229.66521652165216
100	229.3078907890789
101	230.0064706470647
102	229.67173717371736
103	227.66688668866885
104	227.1942294229423
105	228.03660366036604
106	226.66776677667767
107	226.3951495149515
108	225.85360536053605
109	224.7040804080408
110	224.02441244124412
111	224.43001300130013
112	222.62445244524451
113	221.18610861086108
114	221.2844084408441
115	220.86747674767477
116	220.1961096109611
117	220.206700670067
118	219.3982898289829
119	219.51690169016902
120	219.43278327832783
121	218.96479647964796
122	217.94816481648164
123	217.63018301830184
124	217.31109110911092
125	216.42092209220922
126	215.2940394039404
127	214.31644164416443
128	213.92635263526353
129	212.95601560156015
130	211.47496749674968
131	211.51102110211022
132	210.96607660766077
133	210.66169616961696
134	210.55182518251826
135	210.52216221622163
136	210.02578257825783
137	210.02537253725373
138	209.18242824282427
139	209.0113111311131
140	208.38264826482649
141	207.86198619861986
142	207.86148614861486
143	206.47903790379038
144	206.85016501650165
145	206.84243424342435
146	206.6059405940594
147	206.28308830883088
148	206.27851785178518
149	206.2806180618062
150	205.64138413841385
151	205.33255325532554
152	205.48395839583958
153	204.5029402940294
154	203.84487448744875
155	204.01990199019903
156	202.8039703970397
157	202.77495749574956
158	202.63228322832282
159	202.0115411541154
160	201.9094909490949
161	201.8806680668067
162	201.65428542854286
163	202.14813481348133
164	201.604200420042
165	200.3027702770277
166	199.88182818281828
167	199.6228622862286
168	199.44053405340534
169	199.32981298129812
170	198.499399939994
171	197.44421442144215
172	196.21063106310632
173	195.9068306830683
174	195.44299429942996
175	194.2090709070907
176	194.02048204820483
177	194.37682768276827
178	194.37241724172418
179	193.97360736073608
180	194.1970897089709
181	194.116401640164
182	193.37431743174318
183	192.39086908690868
184	192.09099909991
185	191.55208520852085
186	191.3150915091509
187	190.89113911391138
188	191.15567556755676
189	188.8975897589759
190	188.53595359535953
191	188.4861486148615
192	187.46049604960496
193	186.9802180218022
194	187.12559255925592
195	187.34447444744475
196	186.76264626462645
197	186.74983498349835
198	185.90960096009601
199	185.73467346734674
200	185.27491749174916
201	184.75552555255527
202	185.04003400340034
203	184.77960796079608
204	185.4138413841384
205	184.06247624762477
206	183.56374637463747
207	183.6076507650765
208	183.18382838283827
209	182.83009300930092
210	183.12595259525952
211	183.1108610861086
212	182.11949194919492
213	181.53144314431444
214	181.42181218121812
215	181.01278127812782
216	180.26673667366737
217	179.95145514551456
218	179.84585458545854
219	178.87235723572357
220	178.68006800680067
221	178.64527452745276
222	178.8925392539254
223	177.74512451245124
224	176.55187518751876
225	176.42491249124913
226	176.00591059105912
227	175.51622162216222
228	175.404500450045
229	174.55081508150815
230	173.95609560956095
231	173.27019701970198
232	172.57015701570157
233	172.40700070007
234	171.6770277027703
235	170.92010201020102
236	171.13939393939393
237	170.72611261126113
238	170.71447144714472
239	170.29266926692668
240	170.36150615061507
241	170.45565556555655
242	169.9924092409241
243	169.49286928692868
244	169.43947394739473
245	168.87818781878187
246	167.63546354635463
247	167.899399939994
248	167.41734173417342
249	168.05265526552654
250	167.1809580958096
251	166.4962796279628
252	166.4991799179918
253	166.36363636363637
254	165.96282628262827
255	166.06944694469448
256	164.797699769977
257	164.74715471547154
258	164.74723472347236
259	164.5082908290829
260	164.11497149714972
261	164.1074607460746
262	163.381298129813
263	163.17926792679268
264	162.45462546254626
265	162.85134513451345
266	162.3994599459946
267	161.6857185718572
268	161.3964296429643
269	160.85153515351536
270	161.03163316331634
271	160.54648464846485
272	159.7926792679268
273	159.08445844584458
274	158.63897389738975
275	158.2061106110611
276	158.3876887688769
277	157.66684668466846
278	158.24575457545754
279	157.86008600860086
280	157.81520152015202
281	157.8067606760676
282	157.6155815581558
283	157.0050105010501
284	156.23647364736473
285	155.86464646464646
286	156.53600360036003
287	155.68831883188318
288	154.94024402440243
289	154.94238423842384
290	154.2056205620562
291	154.52811281128112
292	153.94143414341434
293	153.93657365736573
294	153.92182218221822
295	152.9150215021502
296	151.6905490549055
297	151.6823282328233
298	151.67578757875788
299	152.2032303230323
