0	2500.2500250025
1	2500.2500250025
2	2500.2500250025
3	2500.2500250025
4	2500.2500250025
5	2500.2500250025
6	2500.2500250025
7	2500.2500250025
8	2500.2500250025
9	2500.2500250025
10	2500.2500250025
11	2500.2500250025
12	2500.2500250025
13	2500.2500250025
14	2500.2500250025
15	2500.2500250025
16	2500.2500250025
17	2500.2500250025
18	2500.2500250025
19	2500.2500250025
20	2500.2500250025
21	2500.2500250025
22	2500.2500250025
23	2500.2500250025
24	2500.2500250025
25	2500.2500250025
26	2500.2500250025
27	2500.2500250025
28	2500.2500250025
29	2500.2500250025
30	2500.2500250025
31	2500.2500250025
32	2500.2500250025
33	2500.2500250025
34	2500.2500250025
35	2500.2500250025
36	2500.2500250025
37	2500.2500250025
38	2500.2500250025
39	2500.2500250025
40	2500.2500250025
41	2500.2500250025
42	2500.2500250025
43	2500.2500250025
44	2500.2500250025
45	2500.2500250025
46	2500.2500250025
47	2500.2500250025
48	2500.2500250025
49	2500.2500250025
50	2500.2500250025
51	2500.2500250025
52	2500.2500250025
53	2500.2500250025
54	2500.2500250025
55	2500.2500250025
56	2500.2500250025
57	2500.2500250025
58	2500.2500250025
59	2500.2500250025
60	2500.2500250025
61	2500.2500250025
62	2500.2500250025
63	2500.2500250025
64	2500.2500250025
65	2500.2500250025
66	2500.2500250025
67	2500.2500250025
68	2500.2500250025
69	2500.2500250025
70	2500.2500250025
71	2500.2500250025
72	2500.2500250025
73	2500.2500250025
74	2500.2500250025
75	2500.2500250025
76	2500.2500250025
77	2500.2500250025
78	2500.2500250025
79	2500.2500250025
80	2500.2500250025
81	2500.2500250025
82	2500.2500250025
83	2500.2500250025
84	2500.2500250025
85	2500.2500250025
86	2500.2500250025
87	2500.2500250025
88	2500.2500250025
89	2500.2500250025
90	2500.2500250025
91	2500.2500250025
92	2500.2500250025
93	2500.2500250025
94	2500.2500250025
95	2500.2500250025
96	2500.2500250025
97	2500.2500250025
98	2500.2500250025
99	2500.2500250025
100	2500.2500250025
101	2500.2500250025
102	2500.2500250025
103	2500.2500250025
104	2500.2500250025
105	2500.2500250025
106	2500.2500250025
107	2500.2500250025
108	2500.2500250025
109	2500.2500250025
110	2500.2500250025
111	2500.2500250025
112	2500.2500250025
113	2500.2500250025
114	2500.2500250025
115	2500.2500250025
116	2500.2500250025
117	2500.2500250025
118	2500.2500250025
119	2500.2500250025
120	2500.2500250025
121	2500.2500250025
122	2500.2500250025
123	2500.2500250025
124	2500.2500250025
125	2500.2500250025
126	2500.2500250025
127	2500.2500250025
128	2500.2500250025
129	2500.2500250025
130	2500.2500250025
131	2500.2500250025
132	2500.2500250025
133	2500.2500250025
134	2500.2500250025
135	2500.2500250025
136	2500.2500250025
137	2500.2500250025
138	2500.2500250025
139	2500.2500250025
140	2500.2500250025
141	2500.2500250025
142	2500.2500250025
143	2500.2500250025
144	2500.2500250025
145	2500.2500250025
146	2500.2500250025
147	2500.2500250025
148	2500.2500250025
149	2500.2500250025
150	2500.2500250025
151	2500.2500250025
152	2500.2500250025
153	2500.2500250025
154	2500.2500250025
155	2500.2500250025
156	2500.2500250025
157	2500.2500250025
158	2500.2500250025
159	2500.2500250025
160	2500.2500250025
161	2500.2500250025
162	2500.2500250025
163	2500.2500250025
164	2500.2500250025
165	2500.2500250025
166	2500.2500250025
167	2500.2500250025
168	2500.2500250025
169	2500.2500250025
170	2500.2500250025
171	2500.2500250025
172	2500.2500250025
173	2500.2500250025
174	2500.2500250025
175	2500.2500250025
176	2500.2500250025
177	2500.2500250025
178	2500.2500250025
179	2500.2500250025
180	2500.2500250025
181	2500.2500250025
182	2500.2500250025
183	2500.2500250025
184	2500.2500250025
185	2500.2500250025
186	2500.2500250025
187	2500.2500250025
188	2500.2500250025
189	2500.2500250025
190	2500.2500250025
191	2500.2500250025
192	2500.2500250025
193	2500.2500250025
194	2500.2500250025
195	2500.2500250025
196	2500.2500250025
197	2500.2500250025
198	2500.2500250025
199	2500.2500250025
200	2500.2500250025
201	2500.2500250025
202	2500.2500250025
203	2500.2500250025
204	2500.2500250025
205	2500.2500250025
206	2500.2500250025
207	2500.2500250025
208	2500.2500250025
209	2500.2500250025
210	2500.2500250025
211	2500.2500250025
212	2500.2500250025
213	2500.2500250025
214	2500.2500250025
215	2500.2500250025
216	2500.2500250025
217	2500.2500250025
218	2500.2500250025
219	2500.2500250025
220	2500.2500250025
221	2500.2500250025
222	2500.2500250025
223	2500.2500250025
224	2500.2500250025
225	2500.2500250025
226	2500.2500250025
227	2500.2500250025
228	2500.2500250025
229	2500.2500250025
230	2500.2500250025
231	2500.2500250025
232	2500.2500250025
233	2500.2500250025
234	2500.2500250025
235	2500.2500250025
236	2500.2500250025
237	2500.2500250025
238	2500.2500250025
239	2500.2500250025
240	2500.2500250025
241	2500.2500250025
242	2500.2500250025
243	2500.2500250025
244	2500.2500250025
245	2500.2500250025
246	2500.2500250025
247	2500.2500250025
248	2500.2500250025
249	2500.2500250025
250	2500.2500250025
251	2500.2500250025
252	2500.2500250025
253	2500.2500250025
254	2500.2500250025
255	2500.2500250025
256	2500.2500250025
257	2500.2500250025
258	2500.2500250025
259	2500.2500250025
260	2500.2500250025
261	2500.2500250025
262	2500.2500250025
263	2500.2500250025
264	2500.2500250025
265	2500.2500250025
266	2500.2500250025
267	2500.2500250025
268	2500.2500250025
269	2500.2500250025
270	2500.2500250025
271	2500.2500250025
272	2500.2500250025
273	2500.2500250025
274	2500.2500250025
275	2500.2500250025
276	2500.2500250025
277	2500.2500250025
278	2500.2500250025
279	2500.2500250025
280	2500.2500250025
281	2500.2500250025
282	2500.2500250025
283	2500.2500250025
284	2500.2500250025
285	2500.2500250025
286	2500.2500250025
287	2500.2500250025
288	2500.2500250025
289	2500.2500250025
290	2500.2500250025
291	2500.2500250025
292	2500.2500250025
293	2500.2500250025
294	2500.2500250025
295	2500.2500250025
296	2500.2500250025
297	2500.2500250025
298	2500.2500250025
299	2500.2500250025
