0	0.0
1	0.1129999999999998
2	0.2872285714285717
3	0.4341357142857126
4	0.5178706349206331
5	0.6035497113997106
6	0.6602819069819063
7	0.7010954434454432
8	0.7322556125247296
9	0.7502536782876555
10	0.7650108330609866
11	0.7805515467022769
12	0.7978875175754532
13	0.8108795112977684
14	0.8181355502580384
15	0.824274118304028
16	0.8338578788667139
17	0.8403181695295113
18	0.8447130329987526
19	0.8502056101383153
20	0.85366960378958
21	0.8610590250894921
22	0.8650565633385724
23	0.8687583785946825
24	0.8665794320506127
25	0.8647350620637785
26	0.8658933320332682
27	0.8644353731032492
28	0.8666454312776003
29	0.8648982127707703
30	0.8658868067075448
31	0.8680809185920236
32	0.8684007039314071
33	0.8674365009847177
34	0.8682605515011097
35	0.8700437393815602
36	0.869518922000214
37	0.869642312282063
38	0.8691420821353212
39	0.8683329423622271
40	0.8679552007435203
41	0.86804013165007
42	0.8674341150110169
43	0.8688357960371383
44	0.8679495364637745
45	0.8678823504703163
46	0.867583796013367
47	0.8664566245106584
48	0.8661213995492403
49	0.8665644912422674
50	0.8655491742828328
51	0.8655928150845521
52	0.8646042871377505
53	0.8642490554480324
54	0.8637154593687932
55	0.8639870151251089
56	0.8628491338727438
57	0.8623913202801032
58	0.861621874496353
59	0.8609600978693088
60	0.8603743894208834
61	0.8603540927821431
62	0.8596210587593551
63	0.8589487958278064
64	0.857817180093173
65	0.857832997149201
66	0.8572855109843103
67	0.8571791103363688
68	0.8561357494626565
69	0.8563195335711448
70	0.8554737820135337
71	0.85489574480027
72	0.8543695141863781
73	0.8538549046998145
74	0.8528195985007381
75	0.8527842510606021
76	0.8522895039675042
77	0.8523316404338871
78	0.8522346161688568
79	0.8519081661034996
80	0.8511737919097618
81	0.8509051869649369
82	0.8498321629235102
83	0.8494106123057933
84	0.8495606939135926
85	0.8489539923337223
86	0.8478241600630374
87	0.8477528141678392
88	0.8474942485094858
89	0.847258732091283
90	0.8471725920514392
91	0.8473317176354517
92	0.8473166273269032
93	0.8469207002484469
94	0.8463415731131858
95	0.846122942247215
96	0.8458400523909526
97	0.8459604631958563
98	0.8459799222086126
99	0.8458582709025828
100	0.8459727310409833
101	0.846041886720828
102	0.8455129357875005
103	0.844708753913548
104	0.8446213342756725
105	0.8444668946787848
106	0.8438395029959508
107	0.8433743795100023
108	0.8436457397928233
109	0.8434567059656749
110	0.8425885433580717
111	0.8426214243115362
112	0.8424190592956989
113	0.8422173395272144
114	0.8417315239506157
115	0.8405933688919176
116	0.8403414331640863
117	0.8399480194788743
118	0.8399684798715852
119	0.8386757892894037
120	0.8385541522595997
121	0.8389173523616341
122	0.8389401555933335
123	0.8378367992762429
124	0.8384324950797785
125	0.837515792719218
126	0.8373305877320936
127	0.8371901504671588
128	0.8369406319396497
129	0.835911043637335
130	0.8355998942717183
131	0.8354293569954657
132	0.8349299049053701
133	0.8343840560353938
134	0.8340391982719695
135	0.8341824652117118
136	0.8336261541358461
137	0.8331408340544081
138	0.8327940219855487
139	0.8322479852973851
140	0.8318738570018923
141	0.8322883199363137
142	0.8318557898587462
143	0.8316190478504238
144	0.8316987041698559
145	0.8311655608965827
146	0.8311433553953959
147	0.8309668150820113
148	0.8309492391538806
149	0.8302842362062417
150	0.8301650745025753
151	0.8293726682805044
152	0.8293052183042176
153	0.8296172680425219
154	0.8291486485179262
155	0.8286706296927575
156	0.8292956534452631
157	0.8290732785243561
158	0.8288709713708009
159	0.8281921836615738
160	0.8282971167532459
161	0.8275340556255995
162	0.8273297521636294
163	0.827408058420138
164	0.8271875228161496
165	0.8271870869915425
166	0.826754646968851
167	0.826492513450924
168	0.8264529190031684
169	0.825828642526167
170	0.8263408125478869
171	0.8254134675233085
172	0.8255637787705729
173	0.8248986125626908
174	0.8248347561304544
175	0.8250172959462724
176	0.8244174919673501
177	0.824696595324253
178	0.8247586081892742
179	0.8249036142901973
180	0.8247060257451506
181	0.824832132635253
182	0.8241776548330021
183	0.823487837250327
184	0.8231204058176516
185	0.8229617521964027
186	0.8227544411086625
187	0.8226241796290504
188	0.8226780978601441
189	0.8218266294889263
190	0.8215871250607076
191	0.8208612399725792
192	0.820049406006387
193	0.8206460626955737
194	0.8206047154933758
195	0.8200261346202403
196	0.8195525412253319
197	0.8191372458767092
198	0.8185496078180089
199	0.8187526653459399
200	0.8178013240549785
201	0.8179286995497008
202	0.8184943242016569
203	0.8183933767175856
204	0.8184824684872765
205	0.817716586511793
206	0.8180648558460932
207	0.817981236480509
208	0.8173940454044291
209	0.8169898625545017
210	0.8167832979367067
211	0.8165078775687121
212	0.8166103754374913
213	0.8169147838619554
214	0.8163522722816143
215	0.8156601732537205
216	0.8158460581481282
217	0.8159000236187273
218	0.8155813702264593
219	0.8151400869418345
220	0.814951505921684
221	0.8150802411497412
222	0.8154092314978274
223	0.8150581164194495
224	0.8150529854506058
225	0.8146044788641942
226	0.8146922405768703
227	0.8146493766733447
228	0.8143465101219365
229	0.8133392899702154
230	0.8137634098833545
231	0.8135352079608964
232	0.8135357055052632
233	0.8134286417025436
234	0.8127641494350825
235	0.8125750315135483
236	0.8124371458291525
237	0.8118528942914011
238	0.8109541945650932
239	0.8110599041450937
240	0.8113300051811675
241	0.8110490153950858
242	0.8105460023458995
243	0.8105591589596722
244	0.8099515866822405
245	0.8094310503130435
246	0.8088743662180881
247	0.8089238075206667
248	0.8081975869889816
249	0.8079288325557503
250	0.8074841099277422
251	0.8075661245373471
252	0.8071071391951594
253	0.8067127705361122
254	0.8069429685595105
255	0.806954879446288
256	0.8070434555454595
257	0.8063399965137167
258	0.8060799721481569
259	0.8054176799843432
260	0.8053424832075616
261	0.8052486485694359
262	0.805079958702777
263	0.8047680174738409
264	0.8046102660468085
265	0.8042414523016643
266	0.804298739388737
267	0.8039539977114039
268	0.8040298751176719
269	0.8035823602452039
270	0.8029466573453831
271	0.802931286796521
272	0.8023710670510101
273	0.8020531491344068
274	0.8018912453181491
275	0.8015704750772168
276	0.8012088521627817
277	0.8010643071935628
278	0.8011437435334157
279	0.8011257833756623
280	0.8010743883933411
281	0.800725278321091
282	0.8005546128859533
283	0.8002806658568141
284	0.7996084076241493
285	0.7990828266002863
286	0.798463681523818
287	0.7979934939433675
288	0.7978599638724843
289	0.7978247335429853
290	0.797405025008395
291	0.7972374964044728
292	0.7964589171833687
293	0.7971822178899733
294	0.796246965768953
295	0.7955972606466223
296	0.7958205531094616
297	0.7954145096636617
298	0.795633020771259
299	0.7955836913503358
