0	0.0
1	0.1129999999999998
2	0.2872285714285717
3	0.4341357142857126
4	0.5178706349206331
5	0.6035497113997106
6	0.6602819069819063
7	0.7010954434454432
8	0.7322556125247296
9	0.7502536782876555
10	0.7650108330609866
11	0.7805515467022769
12	0.7978875175754532
13	0.8108010891351356
14	0.8172765201413897
15	0.8261078383633693
16	0.8328102105171835
17	0.8390006354569202
18	0.844392154739152
19	0.850117833862457
20	0.8521893668107675
21	0.8546638154506612
22	0.8577056796685376
23	0.8575546068173601
24	0.8577541298129622
25	0.8606522315520148
26	0.8614823183645078
27	0.861384539197613
28	0.8618435451801233
29	0.8637907325947457
30	0.8649618737852253
31	0.8660187230292832
32	0.8656698541779944
33	0.8654759515116277
34	0.8678384488144133
35	0.868504571726331
36	0.8697652426580406
37	0.8699591298828111
38	0.8690006222725114
39	0.8693352695058164
40	0.8704418393450165
41	0.8706286039518725
42	0.8707894298708538
43	0.8702956220120023
44	0.8715992736604729
45	0.8712147279960694
46	0.8711435833864167
47	0.8699913874497118
48	0.8699173516426013
49	0.8705140547142876
50	0.8715797093814529
51	0.8726040645489835
52	0.8728868592734361
53	0.8735488497442767
54	0.8737548481848028
55	0.8733107215128106
56	0.8736316911736502
57	0.8738583639519086
58	0.8742786337462484
59	0.8746257016658039
60	0.8748629185647062
61	0.8744601151840775
62	0.8744201667575272
63	0.8747111596789074
64	0.8742645086545895
65	0.873876875100602
66	0.8735977943136332
67	0.8732768700630892
68	0.8736493919269447
69	0.873307447888779
70	0.8731802534953869
71	0.8729218112240708
72	0.8724906151188268
73	0.8721504690495442
74	0.8721431669747624
75	0.8722801110080007
76	0.8725913515037934
77	0.8725595009171461
78	0.87172237759178
79	0.8713456220668206
80	0.8710853810923642
81	0.871001478859799
82	0.8705059594636002
83	0.8699534413849597
84	0.8697756925238487
85	0.8694593640327157
86	0.8690646734159628
87	0.8693397866045435
88	0.8689550017935294
89	0.8689588322053909
90	0.8687948295758993
91	0.8685310909039828
92	0.8682388097120064
93	0.8676935070117688
94	0.8676612969253945
95	0.8672794839965836
96	0.8671967932619634
97	0.8673716037164894
98	0.867206082834511
99	0.866732460591644
100	0.8662604491646148
101	0.8660309785822706
102	0.8660739324380251
103	0.8658023859271161
104	0.865784581008367
105	0.8656126665413968
106	0.8653053263927011
107	0.8653387867529486
108	0.8651571736579143
109	0.8649124589235213
110	0.864740031957518
111	0.8647370597284674
112	0.8646596619242813
113	0.8641996187465122
114	0.8639307214083515
115	0.863831598279453
116	0.8637474437951654
117	0.8635623871089205
118	0.8633885868861246
119	0.8631520792996809
120	0.8629920631219156
121	0.8627711690235437
122	0.8622108437964991
123	0.8620495329822909
124	0.8619500868827044
125	0.8618574460238971
126	0.8616264826250254
127	0.8612667422035217
128	0.8613894103264155
129	0.8612401778762578
130	0.8610424915931914
131	0.8609102936084633
132	0.8606702632357038
133	0.8603096686774611
134	0.8603091253682592
135	0.8599515401620914
136	0.8599665905314923
137	0.8598183179529355
138	0.8596085337868156
139	0.8596017994704448
140	0.8594882861865785
141	0.8593883266206208
142	0.8590180532536872
143	0.8585640940318674
144	0.8586767402973488
145	0.8586848635723918
146	0.8588671117183819
147	0.8583939571970384
148	0.8584677892656531
149	0.8585817247375984
150	0.8580651877752381
151	0.8580925816971607
152	0.8579702610125538
153	0.857935479169953
154	0.8579395127525398
155	0.8578432614432155
156	0.8580076617227177
157	0.8575980574609441
158	0.857500120380562
159	0.8574847992442283
160	0.8576033483535928
161	0.857697436773775
162	0.8575869631074755
163	0.8574037094183315
164	0.8569717864761023
165	0.8569394335115346
166	0.8566387464289661
167	0.8566034739339357
168	0.8565734719699477
169	0.8563199914413391
170	0.8561748535035445
171	0.8558813173856185
172	0.8554610093888086
173	0.855473451240464
174	0.855083403601738
175	0.8547109522013383
176	0.8545649950914022
177	0.8547915590360688
178	0.8547496899855501
179	0.8545386837176815
180	0.8542947938733465
181	0.8541096635659456
182	0.8542980668906529
183	0.8539173575336396
184	0.8539268479641557
185	0.854060610267847
186	0.8538956823802886
187	0.8536432656480673
188	0.8533123577912778
189	0.8530240697220582
190	0.8531384686941016
191	0.8530602781691382
192	0.8529333422143072
193	0.852808244851629
194	0.8523870375891488
195	0.8521242741279296
196	0.8522048472164989
197	0.8521928254973099
198	0.851722030353601
199	0.8515942256601137
200	0.8515780176808753
201	0.8511743734800771
202	0.851459754924898
203	0.8511978106487078
204	0.8511123950482083
205	0.851050875007071
206	0.8507890753864267
207	0.8507776332689992
208	0.8508774811343262
209	0.8504319194893404
210	0.8504445806741012
211	0.8501762209142294
212	0.8503071236599795
213	0.8502517683213295
214	0.8501055133349636
215	0.8499357109943008
216	0.8500040841721987
217	0.8497723302534109
218	0.8495388428674232
219	0.8493022519643225
220	0.8494620450434129
221	0.8494906602043746
222	0.8493549750770893
223	0.8493391096154416
224	0.8491567171640192
225	0.8491633023381022
226	0.8490769101383517
227	0.8487758959634425
228	0.8486392287478242
229	0.8484814522093693
230	0.8481590089292886
231	0.848016351256683
232	0.8479284615419936
233	0.848125573942935
234	0.8478503251869683
235	0.8477496943315597
236	0.8476724913414503
237	0.8474530907301269
238	0.8474560068263922
239	0.8473466855276681
240	0.8471898251285205
241	0.8470407924945378
242	0.847089657714701
243	0.8466778577477044
244	0.8467656534278007
245	0.8466495849614144
246	0.8463269126407552
247	0.8461180318820125
248	0.8461455249562849
249	0.8461085168610214
250	0.846380130987504
251	0.8462018475118968
252	0.8461218854604579
253	0.8459925552331106
254	0.8455450275556738
255	0.8456860782786016
256	0.8453767410680743
257	0.8452528476762968
258	0.8453556656926068
259	0.8449015661486311
260	0.8448114643946133
261	0.8448648711475003
262	0.8443910877040095
263	0.8444898453751338
264	0.8442587558431742
265	0.843780615881691
266	0.8439456714293968
267	0.843635748650021
268	0.8435633788531554
269	0.8435493615578843
270	0.8433697448100885
271	0.8433707476827634
272	0.8433341104260641
273	0.8434071977261401
274	0.8433299250332195
275	0.843250790350769
276	0.843051066696866
277	0.84317473235752
278	0.8431515434783546
279	0.8429192412475612
280	0.843095920248304
281	0.842315226314841
282	0.8421804333405808
283	0.842155239347385
284	0.8423945165494153
285	0.8424164356169822
286	0.8423731711718259
287	0.8421775467016611
288	0.8421334263535771
289	0.8418860916830039
290	0.8417461701275704
291	0.8413955113699094
292	0.8413923417049415
293	0.8413993654517969
294	0.8412419265753653
295	0.8414579373046511
296	0.8411705602412504
297	0.8410600695014592
298	0.8409578905342407
299	0.8409049973834961
