1	10000
1	8517
2	1414
3	69
1	6055
2	3027
3	726
4	166
5	22
6	3
8	1
1	4366
2	3420
3	1446
4	532
5	144
6	56
7	20
8	10
9	5
10	1
1	3176
2	3296
3	1897
4	969
5	344
6	189
7	63
8	29
9	20
10	7
11	3
12	2
13	3
15	1
17	1
1	2329
2	2856
3	2138
4	1306
5	646
6	379
7	160
8	85
9	45
10	24
11	10
12	7
13	7
14	4
16	1
17	1
18	1
19	1
1	1711
2	2409
3	2116
4	1509
5	905
6	585
7	302
8	201
9	101
10	76
11	33
12	24
13	8
14	9
15	4
16	2
17	2
18	2
19	1
1	1236
2	1968
3	1915
4	1607
5	1138
6	784
7	457
8	324
9	202
10	142
11	78
12	59
13	31
14	24
15	11
16	9
17	6
18	4
19	2
20	1
21	2
1	926
2	1615
3	1730
4	1555
5	1189
6	938
7	622
8	419
9	316
10	234
11	144
12	93
13	74
14	53
15	32
16	22
17	14
18	6
19	5
20	7
21	4
23	1
24	1
1	695
2	1239
3	1499
4	1523
5	1160
6	1035
7	733
8	569
9	424
10	315
11	225
12	151
13	143
14	86
15	58
16	52
17	31
18	14
19	17
20	8
21	6
22	7
23	5
24	2
26	1
30	1
32	1
1	524
2	955
3	1297
4	1336
5	1169
6	1049
7	838
8	662
9	529
10	404
11	323
12	245
13	182
14	138
15	84
16	84
17	52
18	40
19	28
20	12
21	9
22	11
23	10
24	8
25	4
26	3
27	1
28	1
32	1
36	1
1	393
2	758
3	1051
4	1176
5	1102
6	1066
7	883
8	733
9	617
10	506
11	363
12	319
13	269
14	190
15	136
16	130
17	70
18	68
19	44
20	33
21	24
22	16
23	14
24	9
25	15
26	7
27	2
28	3
30	1
32	1
36	1
1	290
2	594
3	845
4	986
5	1045
6	1000
7	862
8	818
9	703
10	557
11	443
12	396
13	343
14	255
15	189
16	174
17	121
18	99
19	57
20	54
21	46
22	28
23	29
24	17
25	12
26	14
27	9
28	8
30	1
31	1
33	1
34	1
35	1
36	1
1	212
2	479
3	672
4	854
5	934
6	901
7	881
8	792
9	771
10	635
11	519
12	412
13	408
14	330
15	242
16	196
17	185
18	129
19	114
20	76
21	52
22	45
23	45
24	28
25	26
26	20
27	7
28	9
29	9
30	4
31	6
32	3
35	2
36	1
42	1
1	160
2	378
3	573
4	723
5	837
6	856
7	799
8	776
9	760
10	676
11	558
12	494
13	436
14	363
15	319
16	248
17	210
18	171
19	150
20	103
21	81
22	81
23	61
24	42
25	38
26	33
27	17
28	12
29	13
30	10
31	7
32	8
33	3
36	1
39	1
40	1
44	1
1	122
2	302
3	482
4	596
5	744
6	806
7	743
8	741
9	735
10	686
11	574
12	537
13	492
14	414
15	362
16	302
17	259
18	207
19	181
20	140
21	101
22	107
23	90
24	51
25	50
26	44
27	31
28	22
29	19
30	15
31	14
32	9
33	6
34	4
35	5
36	2
37	1
40	2
46	1
50	1
1	92
2	230
3	361
4	507
5	596
6	753
7	715
8	683
9	707
10	716
11	621
12	530
13	523
14	443
15	419
16	326
17	325
18	260
19	234
20	166
21	150
22	121
23	108
24	78
25	74
26	56
27	46
28	29
29	28
30	16
31	26
32	18
33	8
34	7
35	7
36	6
37	6
38	1
39	1
40	3
41	1
44	1
46	1
50	1
1	73
2	181
3	283
4	428
5	490
6	637
7	671
8	686
9	673
10	662
11	661
12	562
13	531
14	450
15	438
16	374
17	338
18	319
19	290
20	223
21	184
22	139
23	134
24	95
25	87
26	83
27	57
28	59
29	42
30	24
31	19
32	29
33	18
34	14
35	13
36	10
37	5
38	4
39	4
40	3
42	2
43	1
44	1
46	1
50	1
52	1
1	56
2	139
3	232
4	343
5	432
6	539
7	571
8	659
9	643
10	672
11	650
12	574
13	538
14	482
15	461
16	393
17	380
18	329
19	316
20	256
21	234
22	171
23	151
24	145
25	114
26	99
27	70
28	71
29	54
30	33
31	36
32	23
33	33
34	26
35	16
36	24
37	8
38	5
39	7
40	4
42	1
43	1
44	3
45	1
46	1
47	1
48	1
55	2
1	49
2	118
3	186
4	284
5	371
6	456
7	460
8	611
9	615
10	656
11	596
12	597
13	528
14	511
15	460
16	439
17	397
18	358
19	353
20	308
21	268
22	216
23	169
24	180
25	130
26	118
27	92
28	95
29	69
30	58
31	40
32	30
33	44
34	25
35	25
36	24
37	13
38	13
39	8
40	10
41	4
42	2
43	1
44	4
45	1
46	2
47	2
48	1
49	1
55	1
60	1
1	42
2	82
3	156
4	221
5	330
6	385
7	413
8	504
9	593
10	632
11	583
12	543
13	563
14	501
15	512
16	430
17	417
18	394
19	347
20	351
21	301
22	260
23	200
24	210
25	155
26	144
27	96
28	118
29	91
30	68
31	59
32	50
33	43
34	39
35	37
36	34
37	16
38	16
39	13
40	10
41	9
42	13
43	1
44	5
45	1
46	3
48	3
49	3
56	2
66	1
1	32
2	71
3	115
4	189
5	280
6	316
7	350
8	461
9	548
10	547
11	609
12	549
13	539
14	535
15	491
16	465
17	421
18	378
19	391
20	369
21	292
22	292
23	247
24	239
25	187
26	176
27	130
28	130
29	91
30	90
31	77
32	69
33	54
34	51
35	39
36	38
37	26
38	20
39	24
40	9
41	14
42	14
43	5
44	9
45	5
46	3
47	3
48	1
49	1
50	2
51	1
53	2
56	1
59	1
71	1
1	23
2	56
3	97
4	155
5	219
6	286
7	317
8	405
9	474
10	491
11	553
12	571
13	523
14	528
15	480
16	483
17	429
18	426
19	376
20	396
21	329
22	304
23	276
24	269
25	214
26	200
27	160
28	141
29	109
30	100
31	87
32	91
33	81
34	58
35	57
36	40
37	33
38	40
39	27
40	17
41	15
42	14
43	8
44	9
45	6
46	7
48	4
49	5
50	3
52	2
53	2
55	1
56	1
59	1
75	1
1	20
2	41
3	83
4	124
5	178
6	248
7	284
8	352
9	409
10	466
11	507
12	521
13	535
14	498
15	481
16	500
17	450
18	449
19	375
20	390
21	368
22	311
23	313
24	271
25	237
26	218
27	190
28	205
29	141
30	102
31	103
32	89
33	93
34	79
35	59
36	54
37	46
38	37
39	37
40	26
41	19
42	18
43	18
44	12
45	6
46	3
47	11
48	4
49	2
50	4
51	3
52	2
53	1
54	1
56	1
57	3
63	1
81	1
1	16
2	35
3	66
4	97
5	154
6	190
7	277
8	310
9	360
10	419
11	465
12	502
13	487
14	486
15	468
16	512
17	475
18	430
19	441
20	387
21	363
22	336
23	334
24	302
25	249
26	228
27	209
28	207
29	191
30	122
31	130
32	102
33	76
34	92
35	81
36	64
37	62
38	54
39	42
40	28
41	27
42	25
43	20
44	16
45	9
46	12
47	6
48	9
49	5
50	5
51	3
52	3
53	2
54	2
56	2
58	1
59	2
63	1
82	1
1	12
2	28
3	50
4	94
5	137
6	159
7	223
8	288
9	318
10	368
11	426
12	441
13	469
14	486
15	464
16	476
17	482
18	444
19	470
20	374
21	387
22	333
23	331
24	321
25	303
26	242
27	227
28	218
29	207
30	170
31	146
32	126
33	96
34	94
35	90
36	86
37	64
38	53
39	58
40	47
41	29
42	26
43	27
44	25
45	13
46	12
47	11
48	10
49	10
50	6
51	2
52	5
53	1
54	4
55	1
56	2
57	2
59	2
60	1
61	1
63	1
84	1
1	10
2	21
3	44
4	73
5	116
6	143
7	192
8	254
9	261
10	340
11	397
12	423
13	446
14	467
15	461
16	467
17	479
18	445
19	455
20	416
21	383
22	340
23	335
24	314
25	308
26	292
27	260
28	234
29	188
30	185
31	172
32	159
33	118
34	77
35	115
36	100
37	80
38	68
39	66
40	45
41	45
42	30
43	23
44	34
45	25
46	16
47	17
48	14
49	8
50	9
51	4
52	6
53	3
54	3
55	1
56	2
57	2
58	1
59	3
60	1
61	2
64	1
89	1
1	8
2	19
3	33
4	58
5	108
6	127
7	169
8	215
9	246
10	300
11	346
12	423
13	388
14	454
15	426
16	467
17	469
18	444
19	442
20	429
21	385
22	377
23	346
24	321
25	316
26	306
27	291
28	211
29	230
30	189
31	190
32	166
33	160
34	104
35	121
36	105
37	90
38	85
39	80
40	49
41	47
42	45
43	27
44	32
45	35
46	25
47	14
48	17
49	14
50	10
51	7
52	9
53	5
54	3
55	3
56	1
57	2
58	3
59	1
60	1
61	1
62	1
63	2
66	1
91	1
1	6
2	18
3	25
4	51
5	87
6	104
7	166
8	187
9	211
10	262
11	313
12	375
13	397
14	432
15	410
16	462
17	466
18	415
19	437
20	392
21	390
22	414
23	378
24	323
25	308
26	315
27	308
28	272
29	242
30	187
31	193
32	175
33	184
34	137
35	120
36	130
37	95
38	91
39	81
40	64
41	61
42	50
43	34
44	29
45	37
46	37
47	30
48	16
49	14
50	11
51	9
52	9
53	10
54	8
55	4
56	2
57	2
58	1
59	3
60	3
61	2
62	1
64	1
66	1
68	1
92	1
1	5
2	15
3	25
4	41
5	73
6	94
7	135
8	173
9	191
10	242
11	285
12	349
13	393
14	387
15	389
16	414
17	436
18	448
19	423
20	437
21	376
22	413
23	376
24	326
25	324
26	342
27	301
28	299
29	253
30	217
31	211
32	209
33	167
34	142
35	125
36	130
37	133
38	94
39	73
40	86
41	67
42	64
43	51
44	32
45	37
46	35
47	33
48	22
49	18
50	15
51	10
52	8
53	9
54	11
55	10
56	8
57	3
58	1
59	3
60	3
62	1
63	1
64	2
65	1
69	1
74	1
92	1
1	3
2	15
3	19
4	34
5	62
6	84
7	120
8	155
9	182
10	220
11	252
12	299
13	347
14	397
15	379
16	416
17	424
18	431
19	447
20	386
21	381
22	399
23	409
24	359
25	320
26	338
27	308
28	285
29	293
30	253
31	197
32	221
33	180
34	164
35	145
36	134
37	134
38	115
39	94
40	88
41	76
42	66
43	58
44	37
45	44
46	35
47	39
48	24
49	20
50	19
51	21
52	7
53	11
54	7
55	8
56	12
57	5
58	5
59	3
60	5
62	1
63	1
64	1
65	2
66	1
70	1
74	1
93	1
1	2
2	8
3	20
4	29
5	58
6	70
7	112
8	141
9	185
10	191
11	227
12	293
13	303
14	357
15	395
16	403
17	382
18	450
19	436
20	376
21	402
22	380
23	383
24	381
25	340
26	327
27	328
28	295
29	281
30	275
31	215
32	219
33	193
34	178
35	166
36	130
37	134
38	129
39	123
40	99
41	81
42	74
43	66
44	59
45	42
46	33
47	38
48	28
49	27
50	28
51	20
52	15
53	8
54	11
55	8
56	7
57	8
58	6
59	5
60	7
61	3
63	1
64	2
65	1
66	2
67	1
72	1
76	1
93	1
1	2
2	7
3	17
4	31
5	50
6	59
7	97
8	131
9	176
10	171
11	218
12	269
13	293
14	309
15	370
16	386
17	383
18	438
19	408
20	398
21	390
22	385
23	391
24	382
25	348
26	330
27	349
28	289
29	283
30	287
31	236
32	226
33	233
34	181
35	159
36	137
37	150
38	121
39	118
40	125
41	92
42	83
43	68
44	66
45	53
46	39
47	45
48	29
49	30
50	30
51	25
52	22
53	15
54	6
55	9
56	13
57	3
58	8
59	4
60	8
61	3
62	2
63	3
64	1
65	2
66	1
67	2
68	1
69	1
73	1
79	1
93	1
1	1
2	6
3	17
4	29
5	41
6	55
7	94
8	119
9	143
10	174
11	202
12	247
13	271
14	314
15	355
16	352
17	382
18	417
19	414
20	386
21	369
22	403
23	355
24	369
25	373
26	355
27	334
28	307
29	299
30	305
31	260
32	221
33	217
34	199
35	197
36	135
37	152
38	132
39	133
40	115
41	117
42	95
43	80
44	57
45	48
46	54
47	42
48	41
49	29
50	44
51	22
52	19
53	16
54	8
55	10
56	18
57	4
58	11
59	4
60	7
61	5
62	4
63	4
64	2
66	2
68	2
69	1
71	2
74	1
79	1
93	1
1	1
2	6
3	14
4	26
5	35
6	55
7	74
8	107
9	143
10	170
11	189
12	234
13	242
14	298
15	337
16	360
17	368
18	393
19	397
20	382
21	374
22	379
23	367
24	399
25	354
26	348
27	357
28	332
29	300
30	304
31	279
32	231
33	228
34	193
35	199
36	151
37	168
38	130
39	139
40	125
41	101
42	110
43	87
44	71
45	54
46	59
47	47
48	44
49	32
50	40
51	30
52	16
53	20
54	10
55	11
56	16
57	11
58	10
59	9
60	4
61	9
62	4
63	2
65	1
67	6
68	1
72	2
74	2
75	1
79	1
93	1
1	1
2	5
3	12
4	26
5	31
6	48
7	73
8	104
9	119
10	158
11	182
12	209
13	251
14	287
15	295
16	345
17	364
18	392
19	375
20	408
21	366
22	365
23	378
24	375
25	363
26	352
27	362
28	334
29	323
30	298
31	269
32	257
33	253
34	196
35	193
36	163
37	167
38	154
39	129
40	116
41	113
42	132
43	90
44	73
45	51
46	66
47	58
48	50
49	44
50	35
51	31
52	24
53	16
54	19
55	12
56	12
57	11
58	8
59	12
60	9
61	10
62	4
63	4
64	3
66	1
67	4
68	2
69	1
72	1
74	2
76	1
77	1
81	1
91	1
2	5
3	9
4	24
5	34
6	41
7	66
8	92
9	113
10	153
11	157
12	212
13	230
14	286
15	273
16	332
17	371
18	383
19	373
20	366
21	372
22	385
23	358
24	390
25	350
26	356
27	340
28	335
29	340
30	304
31	285
32	261
33	255
34	219
35	199
36	191
37	181
38	146
39	129
40	116
41	129
42	113
43	93
44	83
45	69
46	69
47	59
48	50
49	55
50	29
51	43
52	25
53	19
54	13
55	17
56	16
57	17
58	10
59	7
60	8
61	8
62	8
63	7
64	1
65	3
66	1
67	5
68	2
69	1
71	1
72	1
74	2
77	1
78	1
81	1
92	1
2	4
3	9
4	23
5	28
6	43
7	57
8	73
9	115
10	130
11	167
12	202
13	220
14	276
15	250
16	308
17	359
18	391
19	355
20	396
21	366
22	350
23	370
24	380
25	359
26	371
27	337
28	344
29	308
30	317
31	294
32	288
33	253
34	221
35	219
36	177
37	196
38	168
39	134
40	107
41	128
42	120
43	106
44	88
45	72
46	69
47	55
48	65
49	55
50	33
51	50
52	23
53	24
54	22
55	17
56	15
57	14
58	13
59	8
60	11
61	6
62	7
63	6
64	5
65	1
66	4
67	2
68	5
69	2
70	1
72	1
74	1
75	1
76	1
77	1
78	1
81	1
92	1
2	3
3	9
4	19
5	25
6	41
7	59
8	60
9	103
10	132
11	138
12	198
13	231
14	246
15	252
16	299
17	360
18	346
19	374
20	374
21	369
22	344
23	382
24	376
25	372
26	367
27	356
28	323
29	314
30	316
31	281
32	283
33	278
34	252
35	209
36	207
37	200
38	154
39	144
40	119
41	129
42	120
43	106
44	98
45	81
46	71
47	52
48	59
49	62
50	46
51	36
52	37
53	29
54	23
55	20
56	16
57	9
58	17
59	11
60	9
61	11
62	6
63	7
64	4
65	3
66	1
67	3
68	5
69	1
70	2
71	1
72	2
73	1
74	1
77	1
78	1
79	2
83	1
91	1
2	1
3	11
4	16
5	26
6	35
7	54
8	60
9	97
10	119
11	140
12	192
13	214
14	247
15	234
16	280
17	338
18	335
19	362
20	377
21	371
22	363
23	350
24	403
25	346
26	378
27	366
28	313
29	319
30	312
31	303
32	305
33	252
34	263
35	213
36	212
37	213
38	160
39	150
40	134
41	126
42	117
43	118
44	97
45	92
46	69
47	55
48	64
49	53
50	52
51	41
52	43
53	30
54	24
55	23
56	19
57	14
58	14
59	12
60	14
61	10
62	8
63	9
64	3
65	6
67	3
68	3
69	1
70	3
71	1
73	3
74	2
75	1
76	1
78	1
79	2
83	1
90	1
2	1
3	10
4	15
5	22
6	37
7	46
8	58
9	101
10	122
11	127
12	164
13	203
14	252
15	226
16	288
17	300
18	346
19	338
20	365
21	396
22	345
23	350
24	379
25	352
26	408
27	351
28	310
29	326
30	321
31	297
32	310
33	271
34	244
35	247
36	204
37	208
38	168
39	158
40	138
41	138
42	122
43	125
44	100
45	92
46	66
47	71
48	60
49	54
50	54
51	47
52	41
53	33
54	24
55	26
56	18
57	15
58	17
59	14
60	9
61	12
62	12
63	6
64	9
65	5
66	2
67	2
68	2
69	4
70	2
71	2
73	1
74	5
77	1
79	2
81	1
83	1
93	1
2	1
3	9
4	15
5	20
6	38
7	39
8	57
9	99
10	117
11	123
12	156
13	208
14	221
15	233
16	284
17	287
18	337
19	329
20	359
21	393
22	362
23	334
24	376
25	362
26	372
27	362
28	321
29	344
30	315
31	298
32	328
33	269
34	259
35	228
36	208
37	207
38	187
39	155
40	152
41	125
42	122
43	125
44	115
45	94
46	74
47	71
48	53
49	65
50	46
51	58
52	49
53	32
54	34
55	18
56	27
57	19
58	8
59	15
60	14
61	10
62	10
63	8
64	12
65	3
66	5
68	3
69	4
70	2
71	2
72	1
73	1
74	2
75	1
76	1
77	1
78	2
81	1
83	2
94	1
3	10
4	15
5	17
6	32
7	46
8	51
9	94
10	109
11	122
12	163
13	184
14	212
15	225
16	277
17	298
18	308
19	311
20	363
21	387
22	366
23	342
24	363
25	356
26	390
27	332
28	355
29	344
30	313
31	304
32	314
33	269
34	252
35	237
36	218
37	212
38	186
39	176
40	149
41	152
42	125
43	123
44	115
45	97
46	76
47	76
48	62
49	61
50	47
51	57
52	43
53	38
54	31
55	23
56	26
57	20
58	22
59	13
60	16
61	12
62	13
63	4
64	6
65	11
66	3
67	2
68	2
69	2
70	4
71	3
72	1
73	1
74	1
75	2
76	1
78	2
79	1
83	1
84	2
96	1
3	10
4	16
5	17
6	29
7	40
8	52
9	93
10	97
11	126
12	158
13	183
14	203
15	219
16	274
17	272
18	312
19	307
20	357
21	386
22	374
23	339
24	351
25	371
26	365
27	334
28	347
29	338
30	329
31	318
32	321
33	265
34	259
35	223
36	226
37	228
38	203
39	167
40	146
41	154
42	129
43	123
44	127
45	102
46	73
47	70
48	73
49	70
50	49
51	43
52	43
53	48
54	31
55	29
56	22
57	23
58	19
59	19
60	16
61	14
62	8
63	10
64	6
65	8
66	5
67	5
68	2
69	1
70	2
71	5
72	4
73	1
74	1
75	2
77	1
78	2
82	1
83	3
96	1
3	9
4	14
5	19
6	26
7	42
8	46
9	91
10	96
11	117
12	158
13	181
14	198
15	215
16	257
17	276
18	300
19	326
20	351
21	370
22	353
23	343
24	356
25	375
26	357
27	351
28	342
29	320
30	329
31	318
32	321
33	274
34	252
35	241
36	236
37	220
38	217
39	174
40	156
41	147
42	112
43	138
44	135
45	106
46	77
47	67
48	77
49	73
50	55
51	41
52	51
53	39
54	38
55	28
56	25
57	24
58	20
59	15
60	14
61	18
62	8
63	12
64	10
65	6
66	5
67	4
68	4
70	5
71	1
72	2
73	4
74	2
75	2
77	1
78	2
83	1
84	2
87	1
96	1
2	1
3	7
4	11
5	19
6	26
7	43
8	43
9	92
10	87
11	114
12	164
13	165
14	189
15	220
16	239
17	274
18	302
19	329
20	344
21	362
22	352
23	361
24	357
25	343
26	361
27	336
28	362
29	331
30	326
31	304
32	327
33	274
34	258
35	237
36	234
37	213
38	227
39	193
40	149
41	158
42	130
43	120
44	122
45	118
46	93
47	69
48	74
49	76
50	59
51	44
52	62
53	32
54	35
55	29
56	33
57	17
58	26
59	20
60	20
61	9
62	13
63	6
64	12
65	9
66	3
67	6
68	3
69	2
70	1
71	4
72	5
73	1
74	1
75	1
76	1
77	1
79	4
83	1
84	1
85	1
87	1
97	1
2	1
3	7
4	10
5	17
6	25
7	45
8	42
9	95
10	82
11	109
12	155
13	164
14	187
15	220
16	241
17	256
18	289
19	341
20	333
21	346
22	357
23	358
24	361
25	341
26	361
27	328
28	376
29	320
30	345
31	299
32	322
33	264
34	287
35	224
36	234
37	239
38	218
39	188
40	151
41	147
42	139
43	141
44	126
45	100
46	89
47	85
48	68
49	79
50	62
51	47
52	58
53	32
54	40
55	34
56	31
57	26
58	26
59	17
60	18
61	13
62	12
63	11
64	10
65	10
66	7
67	5
68	2
69	1
70	3
71	2
72	5
73	3
74	3
77	1
79	3
80	1
84	1
85	2
87	1
97	1
2	1
3	7
4	9
5	15
6	26
7	42
8	46
9	87
10	88
11	105
12	152
13	163
14	187
15	202
16	245
17	257
18	274
19	327
20	334
21	338
22	358
23	378
24	326
25	349
26	376
27	321
28	370
29	350
30	323
31	300
32	339
33	267
34	265
35	229
36	245
37	250
38	214
39	178
40	162
41	165
42	124
43	146
44	127
45	106
46	100
47	72
48	69
49	73
50	69
51	57
52	48
53	42
54	45
55	30
56	36
57	23
58	24
59	20
60	14
61	16
62	16
63	9
64	14
65	6
66	9
67	4
68	4
69	2
70	2
71	2
72	2
73	2
74	5
75	1
76	1
77	1
78	1
79	2
80	1
82	1
83	1
85	1
87	1
96	1
2	1
3	7
4	10
5	11
6	27
7	42
8	48
9	86
10	81
11	106
12	148
13	158
14	196
15	197
16	232
17	257
18	272
19	315
20	334
21	331
22	369
23	364
24	342
25	361
26	344
27	331
28	370
29	352
30	319
31	311
32	321
33	265
34	274
35	231
36	233
37	255
38	212
39	185
40	170
41	163
42	149
43	125
44	125
45	109
46	98
47	92
48	75
49	76
50	64
51	53
52	52
53	47
54	43
55	32
56	39
57	25
58	23
59	16
60	16
61	18
62	16
63	12
64	9
65	9
66	8
67	7
68	3
69	3
71	3
72	3
73	3
74	4
76	2
77	1
79	2
80	1
81	1
82	1
84	1
87	1
88	1
96	1
2	1
3	8
4	8
5	11
6	27
7	44
8	47
9	77
10	89
11	101
12	149
13	151
14	187
15	188
16	247
17	251
18	260
19	325
20	328
21	327
22	355
23	361
24	339
25	361
26	352
27	340
28	351
29	340
30	366
31	298
32	326
33	253
34	267
35	239
36	249
37	249
38	203
39	193
40	190
41	144
42	145
43	153
44	108
45	121
46	95
47	93
48	75
49	74
50	65
51	59
52	49
53	51
54	40
55	35
56	33
57	29
58	24
59	22
60	12
61	20
62	18
63	11
64	12
65	10
66	4
67	5
68	5
69	4
70	2
71	2
72	3
74	5
75	1
76	4
79	1
80	1
81	2
83	1
86	2
88	1
97	1
2	1
3	7
4	9
5	11
6	27
7	37
8	53
9	73
10	82
11	110
12	139
13	162
14	176
15	203
16	232
17	247
18	251
19	331
20	320
21	335
22	358
23	358
24	339
25	350
26	359
27	341
28	336
29	355
30	357
31	316
32	292
33	264
34	273
35	240
36	262
37	224
38	216
39	199
40	173
41	162
42	147
43	145
44	113
45	114
46	97
47	107
48	71
49	76
50	80
51	58
52	45
53	50
54	45
55	31
56	34
57	30
58	25
59	19
60	16
61	22
62	14
63	14
64	12
65	7
66	5
67	9
68	3
69	4
70	3
71	1
72	3
73	3
74	2
76	6
79	1
81	1
82	1
83	1
85	1
86	1
87	1
88	1
99	1
2	1
3	8
4	9
5	11
6	24
7	35
8	54
9	77
10	72
11	110
12	139
13	166
14	175
15	193
16	229
17	256
18	250
19	319
20	323
21	351
22	327
23	334
24	349
25	367
26	352
27	358
28	341
29	326
30	353
31	329
32	292
33	276
34	260
35	244
36	253
37	235
38	224
39	193
40	175
41	170
42	164
43	121
44	124
45	119
46	90
47	109
48	82
49	72
50	66
51	67
52	55
53	47
54	41
55	32
56	34
57	32
58	23
59	31
60	12
61	21
62	15
63	7
64	14
65	11
66	6
67	8
68	7
69	3
70	2
71	3
72	2
73	2
74	2
75	2
76	3
77	2
78	1
80	1
82	1
83	1
85	1
86	2
88	1
97	1
2	1
3	8
4	9
5	10
6	22
7	34
8	56
9	81
10	68
11	116
12	145
13	144
14	176
15	201
16	219
17	257
18	242
19	327
20	313
21	355
22	334
23	341
24	331
25	353
26	354
27	358
28	337
29	341
30	329
31	340
32	297
33	285
34	263
35	250
36	255
37	232
38	212
39	195
40	179
41	160
42	158
43	129
44	135
45	109
46	101
47	99
48	91
49	75
50	74
51	62
52	59
53	47
54	40
55	39
56	35
57	32
58	23
59	27
60	17
61	18
62	12
63	11
64	12
65	13
66	7
67	8
68	4
69	3
70	5
71	5
72	3
73	1
75	1
76	4
77	2
78	1
80	1
83	1
84	1
86	1
87	3
100	1
2	1
3	8
4	8
5	10
6	23
7	32
8	53
9	80
10	72
11	112
12	139
13	149
14	170
15	215
16	209
17	252
18	242
19	328
20	322
21	339
22	329
23	332
24	344
25	353
26	357
27	358
28	329
29	341
30	320
31	340
32	289
33	310
34	258
35	249
36	255
37	241
38	204
39	199
40	183
41	161
42	145
43	150
44	123
45	111
46	101
47	117
48	72
49	93
50	69
51	56
52	59
53	50
54	46
55	27
56	42
57	32
58	29
59	28
60	18
61	13
62	14
63	8
64	17
65	10
66	5
67	8
68	8
69	4
70	5
71	2
72	3
73	3
74	1
75	2
76	2
77	1
78	2
82	2
84	1
86	2
88	1
89	1
100	1
2	1
3	8
4	8
5	10
6	23
7	34
8	53
9	74
10	75
11	109
12	139
13	146
14	169
15	210
16	212
17	252
18	255
19	296
20	342
21	326
22	320
23	341
24	346
25	354
26	353
27	351
28	336
29	326
30	344
31	313
32	302
33	294
34	286
35	228
36	270
37	254
38	188
39	187
40	204
41	162
42	163
43	126
44	137
45	105
46	102
47	112
48	78
49	84
50	70
51	71
52	60
53	50
54	42
55	32
56	43
57	35
58	24
59	23
60	24
61	13
62	13
63	12
64	9
65	14
66	9
67	7
68	7
69	5
70	6
71	2
72	1
73	2
74	2
75	3
76	3
78	2
81	1
83	2
87	1
88	1
89	2
100	1
2	1
3	8
4	8
5	10
6	20
7	33
8	55
9	70
10	78
11	110
12	130
13	151
14	168
15	202
16	220
17	254
18	243
19	306
20	343
21	309
22	319
23	352
24	338
25	346
26	380
27	333
28	322
29	337
30	332
31	330
32	293
33	300
34	276
35	253
36	271
37	241
38	187
39	186
40	209
41	165
42	158
43	137
44	127
45	105
46	111
47	102
48	100
49	81
50	62
51	64
52	64
53	58
54	43
55	30
56	33
57	37
58	26
59	26
60	28
61	13
62	13
63	11
64	9
65	13
66	9
67	5
68	10
69	6
70	3
71	6
72	1
73	1
74	3
75	2
76	2
77	1
78	2
79	1
80	1
83	1
84	1
86	1
88	2
89	1
100	1
2	3
3	6
4	8
5	9
6	21
7	33
8	54
9	73
10	74
11	114
12	127
13	145
14	177
15	194
16	225
17	254
18	251
19	286
20	335
21	316
22	326
23	332
24	355
25	355
26	354
27	322
28	365
29	321
30	316
31	331
32	295
33	316
34	269
35	249
36	275
37	236
38	184
39	200
40	219
41	152
42	159
43	145
44	125
45	97
46	115
47	98
48	96
49	90
50	67
51	60
52	63
53	58
54	49
55	26
56	44
57	27
58	32
59	29
60	16
61	20
62	14
63	13
64	5
65	11
66	10
67	7
68	12
69	5
70	4
71	4
72	2
73	2
74	2
75	2
76	2
77	1
78	1
79	1
80	1
82	1
83	1
84	1
87	2
88	1
89	1
101	1
2	2
3	7
4	8
5	9
6	21
7	35
8	51
9	66
10	79
11	115
12	128
13	136
14	185
15	191
16	220
17	265
18	249
19	289
20	320
21	321
22	329
23	330
24	341
25	362
26	336
27	347
28	355
29	332
30	326
31	307
32	299
33	311
34	274
35	251
36	259
37	245
38	199
39	186
40	227
41	161
42	153
43	139
44	121
45	106
46	117
47	94
48	102
49	84
50	76
51	57
52	61
53	56
54	53
55	36
56	29
57	40
58	30
59	27
60	15
61	21
62	16
63	12
64	5
65	10
66	10
67	9
68	12
69	5
70	3
71	4
72	3
73	2
75	3
76	2
77	2
78	1
79	1
80	1
81	1
84	1
85	1
86	1
88	1
89	2
101	1
2	2
3	7
4	8
5	10
6	21
7	33
8	55
9	63
10	76
11	112
12	121
13	153
14	183
15	189
16	224
17	258
18	246
19	276
20	325
21	330
22	315
23	325
24	343
25	367
26	352
27	336
28	351
29	318
30	352
31	286
32	323
33	295
34	271
35	248
36	265
37	246
38	199
39	200
40	214
41	157
42	166
43	139
44	116
45	99
46	124
47	94
48	105
49	89
50	63
51	65
52	57
53	55
54	62
55	28
56	35
57	35
58	40
59	25
60	14
61	21
62	22
63	11
64	4
65	10
66	10
67	7
68	11
69	10
70	3
71	2
72	2
73	3
75	3
76	1
77	2
78	2
80	1
81	1
82	1
84	2
88	1
89	1
90	1
91	1
99	1
2	2
3	7
4	9
5	9
6	22
7	32
8	52
9	65
10	75
11	116
12	123
13	148
14	181
15	195
16	208
17	267
18	252
19	274
20	318
21	320
22	324
23	342
24	312
25	363
26	373
27	342
28	332
29	326
30	329
31	318
32	299
33	294
34	290
35	236
36	274
37	246
38	198
39	210
40	192
41	184
42	142
43	143
44	130
45	97
46	125
47	89
48	99
49	93
50	65
51	71
52	59
53	51
54	53
55	40
56	36
57	37
58	32
59	29
60	14
61	16
62	25
63	15
64	4
65	9
66	11
67	5
68	9
69	13
70	3
71	3
72	3
73	1
74	1
75	3
77	3
78	2
80	2
84	1
85	2
88	1
89	1
90	1
91	1
97	1
2	2
3	7
4	9
5	9
6	22
7	31
8	52
9	67
10	74
11	122
12	114
13	150
14	184
15	194
16	214
17	254
18	260
19	273
20	315
21	313
22	327
23	347
24	315
25	353
26	369
27	340
28	326
29	346
30	318
31	296
32	305
33	310
34	272
35	255
36	250
37	255
38	216
39	205
40	196
41	171
42	154
43	144
44	132
45	97
46	127
47	101
48	90
49	89
50	65
51	65
52	71
53	50
54	52
55	45
56	37
57	31
58	32
59	23
60	18
61	17
62	24
63	17
64	6
65	7
66	10
67	6
68	7
69	12
70	7
71	3
72	2
73	1
74	2
75	3
77	4
78	1
80	1
82	1
83	1
84	1
86	1
89	3
93	1
98	1
2	2
3	7
4	9
5	9
6	22
7	30
8	54
9	68
10	72
11	116
12	123
13	153
14	171
15	192
16	227
17	247
18	266
19	263
20	316
21	310
22	326
23	356
24	312
25	349
26	364
27	341
28	345
29	315
30	342
31	294
32	309
33	278
34	295
35	258
36	250
37	242
38	215
39	219
40	182
41	182
42	159
43	133
44	132
45	100
46	123
47	116
48	88
49	81
50	67
51	61
52	67
53	64
54	49
55	42
56	37
57	31
58	37
59	19
60	21
61	17
62	23
63	17
64	10
65	3
66	14
67	9
68	7
69	5
70	7
71	4
72	5
74	2
75	3
76	2
77	3
78	1
82	1
83	2
86	1
87	1
88	1
89	1
90	1
93	1
98	1
2	2
3	8
4	9
5	10
6	19
7	31
8	51
9	74
10	72
11	109
12	123
13	153
14	178
15	181
16	240
17	244
18	249
19	276
20	304
21	325
22	333
23	342
24	324
25	333
26	366
27	348
28	331
29	340
30	331
31	286
32	309
33	284
34	291
35	260
36	246
37	236
38	237
39	194
40	198
41	189
42	150
43	135
44	124
45	109
46	130
47	90
48	98
49	87
50	65
51	72
52	61
53	55
54	63
55	35
56	37
57	34
58	33
59	23
60	22
61	19
62	18
63	14
64	14
65	8
66	8
67	9
68	7
69	5
70	8
71	5
72	5
73	1
74	1
75	3
76	2
77	1
78	3
82	1
83	2
86	2
88	1
89	1
91	1
93	1
95	1
2	2
3	8
4	9
5	12
6	19
7	30
8	51
9	68
10	74
11	114
12	123
13	155
14	176
15	187
16	233
17	247
18	245
19	275
20	294
21	333
22	337
23	330
24	337
25	315
26	377
27	359
28	304
29	354
30	334
31	275
32	309
33	284
34	298
35	276
36	224
37	238
38	233
39	205
40	203
41	168
42	150
43	134
44	135
45	117
46	115
47	110
48	95
49	74
50	76
51	70
52	64
53	56
54	52
55	41
56	35
57	39
58	29
59	19
60	23
61	25
62	20
63	15
64	13
65	10
66	7
67	7
68	8
69	6
70	8
71	5
72	6
73	1
74	2
75	2
76	2
77	1
78	3
83	3
87	1
88	1
89	3
91	1
97	1
2	2
3	9
4	8
5	13
6	20
7	29
8	51
9	68
10	74
11	122
12	111
13	160
14	178
15	178
16	243
17	249
18	234
19	282
20	281
21	340
22	330
23	310
24	357
25	338
26	343
27	350
28	339
29	356
30	320
31	282
32	306
33	283
34	287
35	267
36	254
37	232
38	228
39	205
40	180
41	180
42	165
43	136
44	133
45	114
46	122
47	96
48	96
49	80
50	84
51	66
52	50
53	54
54	60
55	52
56	35
57	34
58	32
59	14
60	27
61	22
62	23
63	15
64	14
65	8
66	8
67	6
68	7
69	6
70	9
71	8
72	2
73	3
74	2
75	2
76	4
78	2
83	2
84	1
86	1
87	1
88	1
89	2
91	1
97	1
2	2
3	8
4	9
5	13
6	18
7	36
8	49
9	65
10	70
11	123
12	111
13	165
14	171
15	186
16	248
17	232
18	238
19	280
20	289
21	330
22	332
23	326
24	352
25	316
26	356
27	360
28	342
29	342
30	315
31	296
32	286
33	306
34	255
35	285
36	251
37	226
38	225
39	215
40	185
41	168
42	173
43	142
44	127
45	119
46	120
47	97
48	98
49	81
50	80
51	67
52	54
53	65
54	49
55	46
56	37
57	38
58	27
59	17
60	30
61	25
62	21
63	16
64	12
65	4
66	10
67	6
68	8
69	9
70	4
71	6
72	8
74	2
75	4
76	3
77	1
78	2
83	3
88	3
89	2
91	1
97	1
2	2
3	8
4	10
5	14
6	18
7	30
8	59
9	60
10	74
11	120
12	116
13	152
14	185
15	187
16	239
17	245
18	226
19	278
20	305
21	308
22	330
23	347
24	344
25	326
26	338
27	377
28	336
29	306
30	328
31	302
32	295
33	282
34	275
35	272
36	246
37	250
38	216
39	203
40	212
41	167
42	165
43	126
44	144
45	119
46	115
47	100
48	90
49	78
50	83
51	73
52	61
53	52
54	60
55	37
56	44
57	36
58	25
59	27
60	24
61	22
62	26
63	15
64	10
65	7
66	9
67	6
68	8
69	8
70	5
71	10
72	3
73	3
74	2
75	1
76	4
77	1
78	1
79	2
80	1
81	1
84	1
86	1
88	2
89	2
91	1
98	1
2	2
3	6
4	12
5	16
6	18
7	31
8	54
9	56
10	84
11	116
12	120
13	149
14	175
15	195
16	255
17	227
18	228
19	284
20	281
21	324
22	326
23	352
24	340
25	330
26	324
27	391
28	323
29	321
30	316
31	304
32	306
33	266
34	274
35	279
36	265
37	239
38	211
39	214
40	192
41	188
42	165
43	123
44	135
45	120
46	121
47	90
48	88
49	90
50	82
51	66
52	61
53	61
54	49
55	52
56	33
57	37
58	26
59	31
60	24
61	20
62	21
63	20
64	11
65	11
66	3
67	7
68	8
69	9
70	4
71	8
72	5
73	1
74	3
75	5
76	2
77	2
79	1
80	1
81	2
84	1
87	1
89	2
90	1
91	2
98	1
2	2
3	6
4	12
5	17
6	17
7	30
8	56
9	56
10	85
11	116
12	123
13	139
14	172
15	208
16	248
17	233
18	226
19	277
20	293
21	314
22	329
23	348
24	342
25	336
26	328
27	364
28	333
29	329
30	312
31	311
32	301
33	255
34	286
35	279
36	251
37	243
38	238
39	192
40	194
41	169
42	173
43	137
44	138
45	112
46	124
47	88
48	86
49	88
50	84
51	71
52	64
53	58
54	46
55	46
56	38
57	39
58	29
59	26
60	31
61	20
62	21
63	18
64	15
65	9
66	3
67	5
68	8
69	11
70	3
71	7
72	7
73	1
74	3
75	3
76	4
77	1
78	2
80	1
82	1
83	2
88	1
89	2
90	2
91	1
97	1
2	3
3	6
4	11
5	15
6	18
7	32
8	57
9	57
10	85
11	114
12	122
13	138
14	170
15	212
16	232
17	247
18	229
19	269
20	289
21	321
22	324
23	366
24	320
25	351
26	322
27	368
28	335
29	337
30	306
31	322
32	287
33	273
34	280
35	263
36	254
37	255
38	234
39	181
40	192
41	166
42	166
43	145
44	135
45	130
46	107
47	93
48	87
49	87
50	77
51	73
52	61
53	61
54	53
55	43
56	45
57	33
58	27
59	32
60	30
61	24
62	15
63	19
64	12
65	6
66	8
67	6
68	8
69	9
70	4
71	7
72	5
73	5
74	6
75	1
76	1
77	3
79	1
80	2
84	3
88	1
89	2
90	1
91	2
97	1
2	3
3	6
4	13
5	12
6	19
7	33
8	58
9	57
10	86
11	117
12	128
13	132
14	168
15	214
16	230
17	240
18	228
19	272
20	301
21	319
22	310
23	364
24	318
25	363
26	317
27	370
28	325
29	332
30	316
31	319
32	286
33	274
34	268
35	284
36	258
37	250
38	228
39	191
40	195
41	164
42	153
43	148
44	139
45	122
46	116
47	97
48	86
49	83
50	76
51	77
52	57
53	65
54	44
55	51
56	38
57	37
58	27
59	34
60	27
61	21
62	16
63	17
64	16
65	6
66	6
67	14
68	7
69	5
70	9
71	5
72	6
73	3
74	4
75	2
76	3
77	2
79	1
80	2
84	2
85	1
89	2
90	2
91	1
92	1
97	1
2	3
3	6
4	12
5	15
6	19
7	31
8	63
9	52
10	85
11	127
12	123
13	144
14	161
15	210
16	229
17	232
18	239
19	276
20	286
21	316
22	320
23	356
24	332
25	335
26	355
27	331
28	340
29	352
30	300
31	314
32	300
33	270
34	288
35	254
36	269
37	243
38	223
39	196
40	179
41	166
42	171
43	138
44	132
45	131
46	111
47	96
48	93
49	83
50	71
51	80
52	60
53	65
54	50
55	45
56	38
57	40
58	30
59	28
60	27
61	22
62	22
63	17
64	10
65	7
66	7
67	12
68	8
69	7
70	11
71	1
72	6
73	5
74	3
75	1
76	3
77	4
78	1
80	2
84	3
88	1
89	1
90	2
91	2
99	1
2	3
3	6
4	13
5	15
6	19
7	29
8	68
9	49
10	92
11	124
12	113
13	146
14	163
15	212
16	219
17	242
18	244
19	268
20	296
21	309
22	321
23	368
24	314
25	336
26	338
27	352
28	335
29	345
30	291
31	325
32	291
33	288
34	284
35	259
36	253
37	261
38	213
39	192
40	192
41	158
42	176
43	133
44	132
45	134
46	117
47	96
48	82
49	87
50	74
51	77
52	66
53	57
54	56
55	41
56	40
57	34
58	33
59	35
60	33
61	18
62	13
63	18
64	12
65	12
66	8
67	8
68	8
69	10
70	9
71	5
72	3
73	3
74	4
75	3
76	1
77	2
78	1
79	1
80	1
81	1
84	1
85	2
88	1
90	3
91	1
92	1
98	1
1	1
2	2
3	6
4	14
5	13
6	22
7	28
8	67
9	49
10	97
11	121
12	107
13	151
14	175
15	194
16	224
17	242
18	240
19	295
20	283
21	291
22	334
23	353
24	319
25	329
26	358
27	359
28	330
29	328
30	299
31	333
32	289
33	284
34	267
35	269
36	269
37	248
38	213
39	197
40	174
41	154
42	177
43	140
44	149
45	129
46	111
47	93
48	85
49	94
50	72
51	72
52	57
53	62
54	59
55	43
56	48
57	30
58	35
59	27
60	31
61	27
62	11
63	18
64	11
65	14
66	5
67	9
68	9
69	12
70	7
71	5
72	5
73	1
74	4
75	4
76	1
77	1
78	1
80	2
81	1
85	3
88	1
90	1
91	3
92	1
100	1
1	1
2	3
3	7
4	12
5	13
6	28
7	28
8	59
9	56
10	91
11	122
12	120
13	144
14	177
15	199
16	208
17	250
18	239
19	290
20	290
21	292
22	326
23	363
24	319
25	315
26	354
27	356
28	347
29	298
30	321
31	326
32	303
33	280
34	269
35	276
36	244
37	259
38	210
39	198
40	174
41	152
42	179
43	151
44	141
45	121
46	128
47	85
48	83
49	92
50	78
51	66
52	65
53	55
54	62
55	44
56	44
57	41
58	27
59	26
60	32
61	25
62	13
63	18
64	14
65	15
66	4
67	6
68	14
69	6
70	8
71	5
72	3
73	5
74	6
75	4
77	1
78	1
80	1
81	1
82	1
85	3
87	1
88	1
90	2
91	1
92	1
98	1
1	1
2	3
3	9
4	11
5	13
6	26
7	28
8	63
9	56
10	87
11	124
12	116
13	148
14	176
15	206
16	213
17	226
18	255
19	284
20	292
21	294
22	332
23	341
24	326
25	346
26	328
27	365
28	330
29	305
30	339
31	320
32	281
33	273
34	309
35	251
36	241
37	261
38	210
39	209
40	172
41	157
42	163
43	146
44	150
45	116
46	124
47	90
48	91
49	86
50	82
51	70
52	70
53	46
54	57
55	52
56	43
57	38
58	34
59	26
60	27
61	22
62	16
63	15
64	16
65	13
66	9
67	6
68	4
69	18
70	6
71	5
72	3
73	4
74	3
75	5
76	2
78	2
80	1
81	1
82	1
84	2
85	1
88	2
89	1
91	2
92	1
100	1
1	1
2	3
3	10
4	10
5	13
6	26
7	31
8	56
9	56
10	91
11	126
12	117
13	145
14	176
15	211
16	212
17	212
18	263
19	289
20	285
21	302
22	315
23	359
24	328
25	350
26	327
27	358
28	332
29	306
30	327
31	329
32	285
33	278
34	293
35	246
36	250
37	248
38	219
39	222
40	158
41	159
42	170
43	140
44	148
45	116
46	121
47	95
48	95
49	78
50	76
51	72
52	69
53	59
54	52
55	55
56	40
57	39
58	33
59	25
60	31
61	19
62	15
63	22
64	11
65	15
66	8
67	7
68	7
69	15
70	4
71	5
72	6
73	3
74	3
75	2
76	5
77	1
78	1
79	1
82	1
83	1
84	1
86	2
87	2
88	1
92	2
93	1
100	1
1	1
2	3
3	10
4	10
5	13
6	26
7	33
8	55
9	52
10	92
11	133
12	126
13	133
14	185
15	200
16	218
17	214
18	267
19	274
20	290
21	307
22	321
23	352
24	334
25	321
26	346
27	363
28	310
29	312
30	329
31	319
32	297
33	288
34	294
35	255
36	228
37	251
38	222
39	221
40	158
41	163
42	172
43	151
44	127
45	118
46	125
47	95
48	93
49	77
50	79
51	76
52	62
53	57
54	57
55	58
56	32
57	43
58	33
59	28
60	25
61	22
62	17
63	21
64	15
65	9
66	8
67	8
68	6
69	14
70	4
71	7
72	3
73	6
74	6
75	2
76	3
77	1
79	1
82	2
83	1
84	2
85	1
87	3
90	1
91	1
95	1
100	1
1	1
2	3
3	11
4	10
5	13
6	29
7	31
8	54
9	57
10	87
11	132
12	126
13	145
14	171
15	210
16	209
17	218
18	274
19	271
20	285
21	306
22	322
23	348
24	319
25	339
26	358
27	365
28	305
29	302
30	324
31	319
32	300
33	291
34	298
35	256
36	217
37	251
38	226
39	208
40	171
41	147
42	172
43	149
44	141
45	117
46	119
47	99
48	99
49	86
50	81
51	64
52	62
53	57
54	60
55	52
56	35
57	44
58	33
59	36
60	20
61	21
62	18
63	15
64	18
65	10
66	9
67	11
68	6
69	7
70	5
71	11
72	3
73	4
74	6
75	3
76	4
79	1
80	1
83	2
84	2
85	1
87	1
88	2
90	1
91	1
96	1
99	1
1	1
2	3
3	13
4	8
5	13
6	29
7	31
8	55
9	63
10	76
11	139
12	122
13	144
14	172
15	210
16	220
17	209
18	275
19	274
20	274
21	313
22	325
23	354
24	319
25	339
26	369
27	350
28	300
29	313
30	305
31	318
32	307
33	288
34	294
35	261
36	218
37	237
38	243
39	199
40	182
41	148
42	161
43	153
44	144
45	123
46	114
47	115
48	87
49	71
50	80
51	80
52	49
53	63
54	66
55	37
56	47
57	42
58	30
59	34
60	22
61	29
62	14
63	14
64	16
65	8
66	13
67	11
68	2
69	11
70	4
71	10
72	5
73	6
74	5
75	3
76	4
80	2
83	1
84	3
85	1
87	2
88	1
91	2
97	1
99	1
1	1
2	3
3	11
4	10
5	13
6	30
7	27
8	55
9	68
10	82
11	132
12	128
13	133
14	182
15	206
16	214
17	218
18	274
19	270
20	278
21	305
22	332
23	353
24	324
25	336
26	353
27	352
28	315
29	303
30	328
31	295
32	318
33	273
34	293
35	258
36	231
37	243
38	225
39	207
40	186
41	142
42	171
43	150
44	141
45	128
46	103
47	114
48	89
49	77
50	94
51	62
52	66
53	63
54	54
55	36
56	46
57	40
58	32
59	32
60	25
61	27
62	21
63	11
64	15
65	12
66	11
67	7
68	7
69	3
70	9
71	8
72	10
73	2
74	4
75	5
76	3
77	1
79	1
80	1
84	3
85	2
86	1
87	2
89	1
93	1
96	1
97	1
1	1
2	3
3	12
4	9
5	15
6	26
7	32
8	54
9	68
10	79
11	129
12	132
13	133
14	183
15	217
16	214
17	198
18	273
19	283
20	265
21	314
22	346
23	331
24	341
25	335
26	351
27	346
28	312
29	311
30	305
31	324
32	307
33	288
34	286
35	262
36	220
37	234
38	234
39	204
40	177
41	152
42	175
43	154
44	141
45	118
46	105
47	109
48	88
49	78
50	88
51	74
52	64
53	58
54	60
55	34
56	38
57	43
58	41
59	32
60	20
61	30
62	18
63	15
64	16
65	13
66	9
67	5
68	9
69	3
70	10
71	9
72	3
73	8
74	2
75	4
76	4
77	2
80	1
81	2
82	1
83	1
85	3
88	1
89	2
93	1
95	1
98	1
1	1
2	3
3	12
4	11
5	14
6	26
7	31
8	54
9	73
10	75
11	130
12	130
13	145
14	175
15	210
16	226
17	201
18	263
19	280
20	291
21	313
22	317
23	330
24	339
25	344
26	355
27	335
28	334
29	304
30	306
31	308
32	313
33	285
34	268
35	273
36	231
37	245
38	230
39	198
40	171
41	150
42	182
43	132
44	152
45	125
46	94
47	126
48	83
49	90
50	82
51	67
52	64
53	59
54	58
55	41
56	25
57	45
58	48
59	30
60	26
61	21
62	17
63	23
64	10
65	18
66	6
67	9
68	9
69	6
70	4
71	12
72	2
73	5
74	3
75	5
76	5
77	2
80	1
81	1
82	1
83	2
85	3
87	1
88	1
90	1
93	1
96	1
99	1
1	1
2	3
3	12
4	10
5	16
6	26
7	33
8	53
9	67
10	82
11	128
12	137
13	139
14	181
15	217
16	208
17	214
18	253
19	275
20	291
21	310
22	325
23	344
24	331
25	328
26	348
27	351
28	312
29	332
30	300
31	328
32	289
33	299
34	266
35	263
36	234
37	232
38	229
39	196
40	188
41	162
42	163
43	131
44	147
45	136
46	101
47	119
48	79
49	86
50	84
51	81
52	60
53	57
54	53
55	41
56	38
57	33
58	38
59	42
60	28
61	19
62	15
63	22
64	11
65	18
66	7
67	9
68	9
69	7
70	6
71	6
72	7
73	3
74	5
75	5
76	6
78	1
80	2
82	2
83	1
84	1
85	1
87	2
88	1
89	1
93	1
97	1
100	1
1	1
2	4
3	11
4	10
5	17
6	26
7	30
8	54
9	71
10	82
11	127
12	133
13	154
14	168
15	219
16	210
17	209
18	258
19	277
20	282
21	322
22	323
23	337
24	330
25	351
26	337
27	333
28	321
29	340
30	307
31	318
32	292
33	282
34	271
35	258
36	243
37	224
38	225
39	211
40	187
41	169
42	149
43	140
44	134
45	136
46	104
47	118
48	78
49	93
50	75
51	84
52	63
53	56
54	51
55	44
56	42
57	31
58	41
59	40
60	26
61	14
62	19
63	20
64	17
65	14
66	12
67	8
68	7
69	5
70	8
71	8
72	6
73	2
74	7
75	3
76	3
77	2
78	1
80	2
81	2
83	1
84	1
85	1
86	2
87	2
91	1
93	1
97	1
101	1
